Frame	Time	uav X	Y	Z	Roll	Pitch	Yaw	Residual	Rot[0]	Rot[1]	Rot[2]	Rot[3]	Rot[4]	Rot[5]	Rot[6]	Rot[7]	Rot[8]		6D X	Y	Z	Roll	Pitch	Yaw	Residual	Rot[0]	Rot[1]	Rot[2]	Rot[3]	Rot[4]	Rot[5]	Rot[6]	Rot[7]	Rot[8]	
1	0.00000	12.72834	-5.07272	309.41878	-0.00177	-0.00594	-0.00126	0.01856	1.00000	-0.00002	0.00010	0.00002	1.00000	-0.00003	-0.00010	0.00003	1.00000		12.72834	-5.07272	309.41878	-1.99172	1.92731	-0.70682	0.74828	0.99936	-0.01350	-0.03318	0.01233	0.99931	-0.03517	0.03363	0.03474	0.99883	
2	0.10000	12.70874	-5.07486	309.41376	-0.00237	0.00251	0.00671	0.03399	1.00000	0.00012	-0.00004	-0.00012	1.00000	-0.00004	0.00004	0.00004	1.00000		12.70874	-5.07486	309.41376	-1.99262	1.93545	-0.69856	0.75202	0.99936	-0.01336	-0.03333	0.01218	0.99931	-0.03518	0.03377	0.03475	0.99883	
3	0.20000	12.73327	-5.07053	309.40914	-0.00413	-0.00689	0.00042	0.02415	1.00000	0.00001	0.00012	-0.00001	1.00000	-0.00007	-0.00012	0.00007	1.00000		12.73327	-5.07053	309.40914	-1.99416	1.92629	-0.70518	0.75569	0.99936	-0.01347	-0.03316	0.01230	0.99930	-0.03521	0.03361	0.03478	0.99883	
4	0.30000	12.72587	-5.11264	309.37763	0.00261	-0.00767	0.00228	0.05371	1.00000	0.00004	0.00013	-0.00004	1.00000	0.00005	-0.00013	-0.00005	1.00000		12.72587	-5.11264	309.37763	-1.98747	1.92555	-0.70339	0.72480	0.99936	-0.01343	-0.03315	0.01227	0.99931	-0.03509	0.03360	0.03466	0.99883	
5	0.40000	12.70603	-5.11346	309.37193	0.00722	-0.00603	0.00206	0.08066	1.00000	0.00004	0.00011	-0.00004	1.00000	0.00013	-0.00011	-0.00013	1.00000		12.70603	-5.11346	309.37193	-1.98290	1.92723	-0.70359	0.72977	0.99936	-0.01344	-0.03318	0.01227	0.99931	-0.03501	0.03363	0.03458	0.99884	
6	0.50000	12.70758	-5.10826	309.36207	0.00744	-0.00498	0.00457	0.07882	1.00000	0.00008	0.00009	-0.00008	1.00000	0.00013	-0.00009	-0.00013	1.00000		12.70758	-5.10826	309.36207	-1.98276	1.92816	-0.70104	0.71378	0.99936	-0.01339	-0.03320	0.01223	0.99931	-0.03501	0.03365	0.03458	0.99884	
7	0.60000	12.72539	-5.12010	309.35595	0.00791	-0.00547	-0.00093	0.08927	1.00000	-0.00002	0.00010	0.00002	1.00000	0.00014	-0.00010	-0.00014	1.00000		12.72539	-5.12010	309.35595	-1.98211	1.92790	-0.70657	0.71826	0.99936	-0.01349	-0.03319	0.01232	0.99931	-0.03500	0.03364	0.03457	0.99884	
8	0.70000	12.49276	-4.96040	309.30620	0.00972	-0.01017	0.02685	0.13874	1.00000	0.00047	0.00018	-0.00047	1.00000	0.00017	-0.00018	-0.00017	1.00000		12.49276	-4.96040	309.30620	-1.98129	1.92225	-0.67901	0.72484	0.99937	-0.01300	-0.03311	0.01184	0.99932	-0.03497	0.03354	0.03455	0.99884	
9	0.80000	12.50065	-4.93107	309.29975	0.01078	-0.01029	0.02900	0.13950	1.00000	0.00051	0.00018	-0.00051	1.00000	0.00019	-0.00018	-0.00019	1.00000		12.50065	-4.93107	309.29975	-1.98031	1.92203	-0.67686	0.71469	0.99937	-0.01296	-0.03311	0.01181	0.99932	-0.03495	0.03354	0.03454	0.99884	
10	0.90000	12.47966	-4.92183	309.29237	0.01111	-0.00513	0.03189	0.14503	1.00000	0.00056	0.00009	-0.00056	1.00000	0.00019	-0.00009	-0.00019	1.00000		12.47966	-4.92183	309.29237	-1.98007	1.92711	-0.67379	0.70742	0.99937	-0.01291	-0.03320	0.01175	0.99932	-0.03494	0.03363	0.03453	0.99884	
11	1.00000	12.41343	-5.00755	309.20363	0.01618	0.00868	0.02127	0.11248	1.00000	0.00037	-0.00015	-0.00037	1.00000	0.00028	0.00015	-0.00028	1.00000		12.41343	-5.00755	309.20363	-1.97467	1.94119	-0.68390	0.72355	0.99935	-0.01310	-0.03344	0.01193	0.99932	-0.03486	0.03387	0.03444	0.99883	
12	1.10000	12.40785	-5.00983	309.21225	0.01534	0.01645	0.02284	0.11230	1.00000	0.00040	-0.00029	-0.00040	1.00000	0.00027	0.00029	-0.00027	1.00000		12.40785	-5.00983	309.21225	-1.97556	1.94892	-0.68206	0.72775	0.99935	-0.01307	-0.03358	0.01190	0.99932	-0.03488	0.03401	0.03445	0.99883	
13	1.20000	12.39858	-5.00128	309.20702	0.01588	0.01070	0.02074	0.09816	1.00000	0.00036	-0.00019	-0.00036	1.00000	0.00028	0.00019	-0.00028	1.00000		12.39858	-5.00128	309.20702	-1.97488	1.94328	-0.68433	0.71335	0.99935	-0.01310	-0.03348	0.01194	0.99932	-0.03486	0.03391	0.03444	0.99883	
14	1.30000	12.36756	-4.97077	309.16567	0.02776	0.02150	0.01477	0.12719	1.00000	0.00026	-0.00038	-0.00026	1.00000	0.00048	0.00038	-0.00048	1.00000		12.36756	-4.97077	309.16567	-1.96293	1.95416	-0.68995	0.70521	0.99935	-0.01320	-0.03367	0.01203	0.99933	-0.03466	0.03410	0.03423	0.99883	
15	1.40000	12.38072	-5.02596	309.19793	0.01541	0.01384	0.01755	0.08831	1.00000	0.00031	-0.00024	-0.00031	1.00000	0.00027	0.00024	-0.00027	1.00000		12.38072	-5.02596	309.19793	-1.97526	1.94651	-0.68742	0.72338	0.99935	-0.01316	-0.03353	0.01199	0.99932	-0.03487	0.03397	0.03445	0.99883	
16	1.50000	12.35705	-4.96917	309.18324	0.01287	0.02157	0.03440	0.15003	1.00000	0.00060	-0.00038	-0.00060	1.00000	0.00022	0.00038	-0.00022	1.00000		12.35705	-4.96917	309.18324	-1.97840	1.95360	-0.67031	0.70673	0.99935	-0.01287	-0.03366	0.01169	0.99932	-0.03492	0.03409	0.03450	0.99882	
17	1.60000	12.38952	-4.99875	309.18815	0.02430	0.01077	0.02580	0.11578	1.00000	0.00045	-0.00019	-0.00045	1.00000	0.00042	0.00019	-0.00042	1.00000		12.38952	-4.99875	309.18815	-1.96667	1.94313	-0.67928	0.71342	0.99935	-0.01301	-0.03348	0.01185	0.99933	-0.03472	0.03391	0.03430	0.99884	
18	1.70000	12.39308	-4.97209	309.16036	0.01437	0.01510	0.02266	0.11164	1.00000	0.00040	-0.00026	-0.00040	1.00000	0.00025	0.00026	-0.00025	1.00000		12.39308	-4.97209	309.16036	-1.97647	1.94758	-0.68227	0.72160	0.99935	-0.01307	-0.03355	0.01190	0.99932	-0.03489	0.03399	0.03447	0.99883	
19	1.80000	12.37520	-4.99839	309.18032	0.01614	0.01339	0.02074	0.11544	1.00000	0.00036	-0.00023	-0.00036	1.00000	0.00028	0.00023	-0.00028	1.00000		12.37520	-4.99839	309.18032	-1.97466	1.94593	-0.68426	0.72742	0.99935	-0.01311	-0.03352	0.01194	0.99932	-0.03486	0.03396	0.03444	0.99883	
20	1.90000	12.39148	-5.01485	309.16919	0.01712	0.00959	0.02244	0.11345	1.00000	0.00039	-0.00017	-0.00039	1.00000	0.00030	0.00017	-0.00030	1.00000		12.39148	-5.01485	309.16919	-1.97376	1.94206	-0.68270	0.71719	0.99935	-0.01308	-0.03346	0.01191	0.99932	-0.03484	0.03389	0.03442	0.99883	
21	2.00000	12.37695	-4.99086	309.16588	0.01632	0.01252	0.02114	0.12420	1.00000	0.00037	-0.00022	-0.00037	1.00000	0.00028	0.00022	-0.00028	1.00000		12.37695	-4.99086	309.16588	-1.97452	1.94503	-0.68389	0.71175	0.99935	-0.01310	-0.03351	0.01193	0.99932	-0.03486	0.03394	0.03444	0.99883	
22	2.10000	12.36501	-5.00437	309.15774	0.01473	0.01370	0.02678	0.11643	1.00000	0.00047	-0.00024	-0.00047	1.00000	0.00026	0.00024	-0.00026	1.00000		12.36501	-5.00437	309.15774	-1.97625	1.94605	-0.67820	0.70956	0.99935	-0.01300	-0.03353	0.01183	0.99932	-0.03488	0.03396	0.03447	0.99883	
23	2.20000	12.36941	-5.00191	309.17516	0.01833	0.00949	0.02404	0.12772	1.00000	0.00042	-0.00017	-0.00042	1.00000	0.00032	0.00017	-0.00032	1.00000		12.36941	-5.00191	309.17516	-1.97260	1.94192	-0.68110	0.72268	0.99936	-0.01305	-0.03345	0.01188	0.99932	-0.03482	0.03389	0.03440	0.99883	
24	2.30000	12.31755	-4.92668	309.19985	0.02297	0.00626	0.01119	0.19988	1.00000	0.00020	-0.00011	-0.00020	1.00000	0.00040	0.00011	-0.00040	1.00000		12.31755	-4.92668	309.19985	-1.96751	1.93919	-0.69411	0.73752	0.99935	-0.01327	-0.03340	0.01211	0.99932	-0.03474	0.03384	0.03431	0.99884	
25	2.40000	12.31742	-4.90090	309.20824	0.02539	0.01357	0.01474	0.19264	1.00000	0.00026	-0.00024	-0.00026	1.00000	0.00044	0.00024	-0.00044	1.00000		12.31742	-4.90090	309.20824	-1.96524	1.94633	-0.69029	0.73813	0.99935	-0.01321	-0.03353	0.01204	0.99933	-0.03470	0.03396	0.03427	0.99884	
26	2.50000	12.37142	-4.98199	309.16076	0.01908	0.01605	0.02770	0.11194	1.00000	0.00048	-0.00028	-0.00048	1.00000	0.00033	0.00028	-0.00033	1.00000		12.37142	-4.98199	309.16076	-1.97194	1.94833	-0.67718	0.70122	0.99935	-0.01298	-0.03357	0.01181	0.99932	-0.03481	0.03400	0.03439	0.99883	
27	2.60000	12.36384	-4.98294	309.15508	0.02548	0.01244	0.02632	0.10442	1.00000	0.00046	-0.00022	-0.00046	1.00000	0.00044	0.00022	-0.00044	1.00000		12.36384	-4.98294	309.15508	-1.96552	1.94475	-0.67869	0.72375	0.99935	-0.01300	-0.03351	0.01184	0.99933	-0.03470	0.03394	0.03428	0.99884	
28	2.70000	12.39232	-4.97900	309.15618	0.02469	0.01690	0.02719	0.10510	1.00000	0.00047	-0.00029	-0.00047	1.00000	0.00043	0.00030	-0.00043	1.00000		12.39232	-4.97900	309.15618	-1.96633	1.94918	-0.67767	0.72151	0.99935	-0.01299	-0.03358	0.01182	0.99933	-0.03471	0.03401	0.03429	0.99883	
29	2.80000	12.37133	-4.98176	309.15551	0.02107	0.01171	0.02183	0.12174	1.00000	0.00038	-0.00020	-0.00038	1.00000	0.00037	0.00020	-0.00037	1.00000		12.37133	-4.98176	309.15551	-1.96977	1.94421	-0.68323	0.71129	0.99935	-0.01308	-0.03349	0.01192	0.99932	-0.03477	0.03393	0.03435	0.99883	
30	2.90000	12.37869	-4.95723	309.16558	0.01392	0.01091	0.02701	0.10997	1.00000	0.00047	-0.00019	-0.00047	1.00000	0.00024	0.00019	-0.00024	1.00000		12.37869	-4.95723	309.16558	-1.97710	1.94318	-0.67804	0.70908	0.99935	-0.01300	-0.03348	0.01183	0.99932	-0.03490	0.03391	0.03448	0.99883	
31	3.00000	12.37210	-4.99619	309.15767	0.02093	0.01390	0.02673	0.13628	1.00000	0.00047	-0.00024	-0.00047	1.00000	0.00037	0.00024	-0.00037	1.00000		12.37210	-4.99619	309.15767	-1.97012	1.94621	-0.67827	0.71522	0.99935	-0.01300	-0.03353	0.01183	0.99933	-0.03478	0.03396	0.03436	0.99883	
32	3.10000	12.40472	-4.95524	309.15676	0.01334	0.02364	0.02883	0.14833	1.00000	0.00050	-0.00041	-0.00050	1.00000	0.00023	0.00041	-0.00023	1.00000		12.40472	-4.95524	309.15676	-1.97773	1.95595	-0.67580	0.70292	0.99935	-0.01297	-0.03370	0.01179	0.99932	-0.03491	0.03413	0.03449	0.99882	
33	3.20000	12.39291	-4.95577	309.15747	0.01744	0.01577	0.02286	0.16167	1.00000	0.00040	-0.00028	-0.00040	1.00000	0.00030	0.00028	-0.00030	1.00000		12.39291	-4.95577	309.15747	-1.97347	1.94822	-0.68207	0.73331	0.99935	-0.01307	-0.03356	0.01190	0.99932	-0.03484	0.03400	0.03442	0.99883	
34	3.30000	12.32033	-5.00542	309.14420	0.00395	0.01889	0.03715	0.11752	1.00000	0.00065	-0.00033	-0.00065	1.00000	0.00007	0.00033	-0.00007	1.00000		12.32033	-5.00542	309.14420	-1.98743	1.95083	-0.66764	0.69077	0.99935	-0.01283	-0.03361	0.01165	0.99932	-0.03507	0.03404	0.03466	0.99882	
35	3.40000	12.33849	-4.96985	309.18751	0.00708	0.02265	0.03909	0.10623	1.00000	0.00068	-0.00040	-0.00068	1.00000	0.00012	0.00040	-0.00012	1.00000		12.33849	-4.96985	309.18751	-1.98437	1.95452	-0.66556	0.71214	0.99935	-0.01279	-0.03368	0.01161	0.99932	-0.03502	0.03411	0.03461	0.99882	
36	3.50000	12.31020	-4.99866	309.17665	0.01247	0.01661	0.03176	0.09753	1.00000	0.00055	-0.00029	-0.00055	1.00000	0.00022	0.00029	-0.00022	1.00000		12.31020	-4.99866	309.17665	-1.97871	1.94874	-0.67311	0.70919	0.99935	-0.01291	-0.03358	0.01174	0.99932	-0.03493	0.03401	0.03451	0.99883	
37	3.60000	12.30868	-5.01044	309.18045	-0.00076	0.01777	0.03626	0.10865	1.00000	0.00063	-0.00031	-0.00063	1.00000	-0.00001	0.00031	0.00001	1.00000		12.30868	-5.01044	309.18045	-1.99208	1.94971	-0.66854	0.69369	0.99935	-0.01284	-0.03359	0.01166	0.99931	-0.03516	0.03402	0.03474	0.99882	
38	3.70000	12.28349	-5.06895	309.17866	-0.00944	0.02244	0.03163	0.17473	1.00000	0.00055	-0.00039	-0.00055	1.00000	-0.00016	0.00039	0.00016	1.00000		12.28349	-5.06895	309.17866	-2.00065	1.95458	-0.67307	0.69804	0.99935	-0.01293	-0.03367	0.01174	0.99931	-0.03531	0.03411	0.03489	0.99881	
39	3.80000	12.31355	-5.04425	309.16957	-0.00112	0.02759	0.02968	0.16924	1.00000	0.00052	-0.00048	-0.00052	1.00000	-0.00002	0.00048	0.00002	1.00000		12.31355	-5.04425	309.16957	-1.99227	1.95978	-0.67484	0.71346	0.99935	-0.01296	-0.03377	0.01177	0.99931	-0.03516	0.03420	0.03474	0.99881	
40	3.90000	12.29084	-5.06529	309.17666	-0.00375	0.02416	0.03883	0.17501	1.00000	0.00068	-0.00042	-0.00068	1.00000	-0.00007	0.00042	0.00007	1.00000		12.29084	-5.06529	309.17666	-1.99520	1.95603	-0.66579	0.68342	0.99935	-0.01280	-0.03370	0.01161	0.99931	-0.03521	0.03413	0.03480	0.99881	
41	4.00000	12.21418	-5.03546	309.14801	0.01125	0.03434	0.04025	0.18085	1.00000	0.00070	-0.00060	-0.00070	1.00000	0.00020	0.00060	-0.00020	1.00000		12.21418	-5.03546	309.14801	-1.98030	1.96612	-0.66403	0.68130	0.99934	-0.01277	-0.03389	0.01158	0.99932	-0.03495	0.03431	0.03454	0.99881	
42	4.10000	12.39879	-5.01508	309.17200	-0.00777	0.04939	0.04234	0.17089	1.00000	0.00074	-0.00086	-0.00074	1.00000	-0.00014	0.00086	0.00014	1.00000		12.39879	-5.01508	309.17200	-1.99931	1.98115	-0.66137	0.67734	0.99934	-0.01274	-0.03414	0.01154	0.99931	-0.03528	0.03457	0.03487	0.99879	
43	4.20000	12.18665	-5.07918	309.14907	-0.00477	0.00197	0.02444	0.16800	1.00000	0.00043	-0.00003	-0.00043	1.00000	-0.00008	0.00003	0.00008	1.00000		12.18665	-5.07918	309.14907	-1.99572	1.93435	-0.68096	0.70082	0.99936	-0.01305	-0.03332	0.01188	0.99931	-0.03522	0.03375	0.03481	0.99882	
44	4.30000	12.39063	-5.01256	309.20369	-0.01724	0.03649	0.01456	0.15535	1.00000	0.00025	-0.00064	-0.00025	1.00000	-0.00030	0.00064	0.00030	1.00000		12.39063	-5.01256	309.20369	-2.00786	1.96921	-0.68962	0.71129	0.99934	-0.01323	-0.03392	0.01203	0.99930	-0.03545	0.03436	0.03502	0.99880	
45	4.40000	12.21598	-5.06678	309.29938	-0.00583	0.01352	0.05220	0.16625	1.00000	0.00091	-0.00024	-0.00091	1.00000	-0.00010	0.00024	0.00010	1.00000		12.21598	-5.06678	309.29938	-1.99773	1.94489	-0.65278	0.70854	0.99936	-0.01257	-0.03352	0.01139	0.99931	-0.03524	0.03394	0.03484	0.99882	
46	4.50000	11.89312	-5.29035	309.39794	0.02721	-0.03831	0.08467	0.16392	1.00000	0.00148	0.00067	-0.00148	1.00000	0.00047	-0.00067	-0.00047	1.00000		11.89312	-5.29035	309.39794	-1.96567	1.89201	-0.62210	0.73129	0.99940	-0.01198	-0.03262	0.01085	0.99934	-0.03466	0.03302	0.03428	0.99887	
47	4.60000	11.60751	-5.47135	309.42169	0.04927	-0.09681	0.13477	0.16231	1.00000	0.00235	0.00169	-0.00235	1.00000	0.00086	-0.00169	-0.00086	1.00000		11.60751	-5.47135	309.42169	-1.94528	1.83176	-0.57405	0.72132	0.99944	-0.01110	-0.03160	0.01001	0.99936	-0.03426	0.03196	0.03393	0.99891	
48	4.70000	12.22391	-5.27952	309.56326	0.03782	0.02533	0.21757	0.16303	0.99999	0.00380	-0.00044	-0.00380	0.99999	0.00066	0.00044	-0.00066	1.00000		12.22391	-5.27952	309.56326	-1.95964	1.95098	-0.48702	0.70881	0.99938	-0.00966	-0.03373	0.00850	0.99937	-0.03448	0.03404	0.03418	0.99884	
49	4.80000	11.63067	-5.02201	309.54855	0.09671	-0.07067	0.27637	0.15115	0.99999	0.00482	0.00124	-0.00482	0.99999	0.00168	-0.00123	-0.00169	1.00000		11.63067	-5.02201	309.54855	-1.90260	1.85294	-0.43155	0.72090	0.99945	-0.00860	-0.03207	0.00753	0.99941	-0.03344	0.03233	0.03318	0.99893	
50	4.90000	10.94700	-5.49593	309.68207	0.16840	-0.19696	0.31806	0.17397	0.99998	0.00554	0.00345	-0.00555	0.99998	0.00292	-0.00344	-0.00294	0.99999		10.94700	-5.49593	309.68207	-1.83208	1.72524	-0.39419	0.74287	0.99952	-0.00784	-0.02987	0.00688	0.99946	-0.03218	0.03011	0.03196	0.99904	
51	5.00000	11.15324	-6.15801	309.55797	0.13037	-0.05908	0.33419	0.15640	0.99998	0.00583	0.00104	-0.00583	0.99998	0.00227	-0.00103	-0.00228	1.00000		11.15324	-6.15801	309.55797	-1.87080	1.86247	-0.37324	0.72997	0.99945	-0.00757	-0.03227	0.00651	0.99944	-0.03286	0.03250	0.03263	0.99894	
52	5.10000	10.36371	-6.65877	309.54754	0.15612	-0.16799	0.28361	0.16483	0.99998	0.00494	0.00295	-0.00495	0.99998	0.00271	-0.00293	-0.00272	0.99999		10.36371	-6.65877	309.54754	-1.84330	1.75543	-0.42768	0.72235	0.99950	-0.00845	-0.03038	0.00746	0.99945	-0.03239	0.03063	0.03215	0.99901	
53	5.20000	10.35806	-6.92828	309.97800	0.09924	0.11550	-0.11507	0.15497	1.00000	-0.00200	-0.00202	0.00201	1.00000	0.00173	0.00202	-0.00173	1.00000		10.35806	-6.92828	309.97800	-1.88715	2.05265	-0.81654	0.70943	0.99926	-0.01542	-0.03533	0.01424	0.99934	-0.03344	0.03582	0.03291	0.99882	
54	5.30000	11.38764	-6.98387	311.54908	0.21334	0.83891	-0.24730	0.17656	0.99988	-0.00426	-0.01466	0.00432	0.99998	0.00366	0.01464	-0.00372	0.99989		11.38764	-6.98387	311.54908	-1.76965	2.78019	-0.92373	0.70453	0.99869	-0.01761	-0.04798	0.01610	0.99937	-0.03166	0.04850	0.03085	0.99835	
55	5.40000	12.36620	-6.48935	313.45662	0.30039	1.20173	-0.14736	0.16581	0.99978	-0.00246	-0.02099	0.00257	0.99998	0.00519	0.02097	-0.00524	0.99977		12.36620	-6.48935	313.45662	-1.68659	3.13936	-0.81114	0.72531	0.99840	-0.01576	-0.05432	0.01414	0.99944	-0.03020	0.05476	0.02939	0.99807	
56	5.50000	12.52088	-6.70897	319.25521	0.78928	0.75920	-0.30035	0.18223	0.99990	-0.00506	-0.01332	0.00524	0.99989	0.01371	0.01325	-0.01377	0.99982		12.52088	-6.70897	319.25521	-1.19161	2.70241	-0.97950	0.72806	0.99874	-0.01807	-0.04678	0.01708	0.99962	-0.02160	0.04715	0.02077	0.99867	
57	5.60000	12.53584	-7.37541	329.61334	1.11451	0.03420	-0.45011	0.24349	0.99997	-0.00784	-0.00075	0.00786	0.99978	0.01945	0.00060	-0.01945	0.99981		12.53584	-7.37541	329.61334	-0.86027	1.98298	-1.15434	0.73558	0.99920	-0.02066	-0.03429	0.02013	0.99967	-0.01571	0.03460	0.01501	0.99929	
58	5.70000	14.35335	-8.79002	341.60932	1.25098	0.02278	-0.22897	0.25134	0.99999	-0.00399	-0.00048	0.00400	0.99975	0.02183	0.00040	-0.02183	0.99976		14.35335	-8.79002	341.60932	-0.73125	1.96398	-0.93360	0.72111	0.99928	-0.01673	-0.03406	0.01628	0.99978	-0.01332	0.03427	0.01275	0.99933	
59	5.80000	17.70691	-9.89237	353.95899	1.26052	0.29962	-0.19502	0.17480	0.99998	-0.00329	-0.00530	0.00340	0.99975	0.02198	0.00523	-0.02200	0.99974		17.70691	-9.89237	353.95899	-0.72326	2.23949	-0.89007	0.73088	0.99912	-0.01603	-0.03887	0.01552	0.99979	-0.01323	0.03908	0.01261	0.99916	
60	5.90000	22.55967	-9.47852	364.85836	1.01486	1.04838	-0.26119	0.17781	0.99982	-0.00423	-0.01837	0.00456	0.99983	0.01763	0.01830	-0.01771	0.99968		22.55967	-9.47852	364.85836	-0.96795	2.99008	-0.93037	0.68480	0.99851	-0.01712	-0.05187	0.01622	0.99971	-0.01774	0.05216	0.01687	0.99850	
61	6.00000	28.91504	-7.56014	375.60443	0.48697	2.00410	-0.62075	0.19884	0.99933	-0.01054	-0.03506	0.01083	0.99991	0.00812	0.03497	-0.00849	0.99935		28.91504	-7.56014	375.60443	-1.48556	3.95772	-1.25721	0.70151	0.99738	-0.02372	-0.06841	0.02189	0.99938	-0.02743	0.06902	0.02586	0.99728	
62	6.10000	36.44506	-4.56120	386.82973	-0.44759	3.14640	-0.78960	0.25804	0.99840	-0.01421	-0.05477	0.01376	0.99987	-0.00857	0.05489	0.00780	0.99846		36.44506	-4.56120	386.82973	-2.41757	5.10521	-1.38702	0.74304	0.99574	-0.02794	-0.08786	0.02411	0.99873	-0.04432	0.08898	0.04201	0.99515	
63	6.20000	43.62564	-0.30115	398.70286	-1.61543	3.93370	-0.61242	0.25685	0.99759	-0.01262	-0.06827	0.01066	0.99952	-0.02892	0.06860	0.02812	0.99725		43.62564	-0.30115	398.70286	-3.59391	5.88598	-1.18216	0.73400	0.99452	-0.02702	-0.10103	0.02052	0.99769	-0.06478	0.10255	0.06235	0.99277	
64	6.30000	49.39425	4.06390	412.04110	-2.33536	4.09327	-0.39064	0.26453	0.99743	-0.00972	-0.07104	0.00680	0.99913	-0.04123	0.07138	0.04064	0.99662		49.39425	4.06390	412.04110	-4.32208	6.03770	-0.95429	0.69383	0.99431	-0.02453	-0.10361	0.01656	0.99689	-0.07710	0.10518	0.07494	0.99162	
65	6.40000	52.99352	7.13809	428.67968	-2.00355	3.85287	-0.12661	0.30926	0.99774	-0.00456	-0.06708	0.00220	0.99938	-0.03511	0.06719	0.03488	0.99713		52.99352	7.13809	428.67968	-3.99826	5.78838	-0.69804	0.67755	0.99483	-0.01918	-0.09975	0.01212	0.99741	-0.07095	0.10085	0.06937	0.99248	
66	6.50000	53.46810	7.20354	446.19556	-0.39959	2.93923	0.44659	0.32313	0.99865	0.00744	-0.05133	-0.00778	0.99995	-0.00657	0.05128	0.00696	0.99866		53.46810	7.20354	446.19556	-2.41057	4.85531	-0.15580	0.80815	0.99641	-0.00628	-0.08445	0.00271	0.99910	-0.04229	0.08464	0.04191	0.99553	
67	6.60000	51.62678	4.64403	463.98282	1.53243	2.07641	0.39290	0.48906	0.99932	0.00782	-0.03604	-0.00685	0.99961	0.02699	0.03623	-0.02673	0.99899		51.62678	4.64403	463.98282	-0.47445	3.99468	-0.23981	0.74817	0.99756	-0.00476	-0.06963	0.00418	0.99995	-0.00857	0.06966	0.00826	0.99754	
68	6.70000	49.14624	0.02360	483.04439	3.15184	1.66546	0.27853	0.45227	0.99957	0.00645	-0.02875	-0.00486	0.99847	0.05512	0.02906	-0.05496	0.99807		49.14624	0.02360	483.04439	1.14969	3.58810	-0.36879	0.74220	0.99802	-0.00518	-0.06270	0.00642	0.99979	0.01966	0.06258	-0.02003	0.99784	
69	6.80000	46.71356	-6.06744	503.87004	4.35097	1.75938	0.67316	0.31108	0.99946	0.01404	-0.02972	-0.01174	0.99702	0.07622	0.03070	-0.07583	0.99665		46.71356	-6.06744	503.87004	2.33513	3.66802	0.02944	0.77951	0.99795	0.00312	-0.06390	-0.00051	0.99917	0.04078	0.06398	-0.04066	0.99712	
70	6.90000	44.76575	-11.26477	527.55176	4.80818	2.26100	1.01175	0.33515	0.99907	0.02090	-0.03783	-0.01764	0.99627	0.08450	0.03945	-0.08375	0.99571		44.76575	-11.26477	527.55176	2.77985	4.15741	0.38612	0.83425	0.99735	0.01025	-0.07208	-0.00672	0.99878	0.04899	0.07250	-0.04837	0.99620	
71	7.00000	42.55207	-14.18264	555.07160	4.64259	2.13245	0.64195	0.35126	0.99924	0.01418	-0.03618	-0.01120	0.99662	0.08135	0.03721	-0.08088	0.99603		42.55207	-14.18264	555.07160	2.62687	4.04195	0.01132	0.81690	0.99751	0.00343	-0.07040	-0.00020	0.99895	0.04585	0.07049	-0.04572	0.99646	
72	7.10000	40.29440	-15.32317	585.70451	4.17087	2.38421	-0.22720	0.41310	0.99913	-0.00093	-0.04178	0.00396	0.99736	0.07257	0.04160	-0.07267	0.99649		40.29440	-15.32317	585.70451	2.18374	4.32398	-0.85018	0.79679	0.99704	-0.01195	-0.07590	0.01480	0.99921	0.03698	0.07540	-0.03800	0.99643	
73	7.20000	39.64916	-14.45223	617.51688	3.44883	3.40483	-0.66972	0.37313	0.99817	-0.00809	-0.05998	0.01167	0.99816	0.05946	0.05939	-0.06005	0.99643		39.64916	-14.45223	617.51688	1.47397	5.35948	-1.25802	0.76661	0.99539	-0.01955	-0.09392	0.02186	0.99948	0.02367	0.09340	-0.02561	0.99530	
74	7.30000	40.68015	-11.75477	647.68648	2.37665	5.02202	-1.11412	0.42250	0.99597	-0.01580	-0.08825	0.01937	0.99902	0.03976	0.08754	-0.04131	0.99530		40.68015	-11.75477	647.68648	0.41121	6.99105	-1.64759	0.81564	0.99215	-0.02788	-0.12187	0.02854	0.99959	0.00367	0.12171	-0.00712	0.99254	
75	7.40000	41.36036	-8.14203	675.88033	2.02705	6.06861	-1.71849	0.52212	0.99395	-0.02623	-0.10667	0.02982	0.99904	0.03219	0.10572	-0.03517	0.99377		41.36036	-8.14203	675.88033	0.07780	8.05745	-2.21793	0.79553	0.98939	-0.03851	-0.14011	0.03832	0.99926	-0.00407	0.14017	-0.00134	0.99013	
76	7.50000	40.49949	-2.71804	704.47838	1.55226	6.47094	-2.01631	0.37308	0.99301	-0.03212	-0.11354	0.03496	0.99912	0.02311	0.11270	-0.02692	0.99326		40.49949	-2.71804	704.47838	-0.38862	8.46959	-2.50312	0.79318	0.98815	-0.04467	-0.14684	0.04320	0.99898	-0.01321	0.14728	0.00671	0.98907	
77	7.60000	37.60967	4.33030	734.60373	0.61618	6.44567	-2.26849	0.36736	0.99290	-0.03837	-0.11259	0.03933	0.99921	0.00630	0.11226	-0.01069	0.99362		37.60967	4.33030	734.60373	-1.31572	8.45277	-2.75717	0.70812	0.98799	-0.05146	-0.14568	0.04758	0.99842	-0.03000	0.14699	0.02271	0.98888	
78	7.70000	33.39192	12.64049	764.99931	-0.69554	6.43174	-3.21899	0.36482	0.99214	-0.05751	-0.11115	0.05580	0.99827	-0.01841	0.11202	0.01206	0.99363		33.39192	12.64049	764.99931	-2.59353	8.47039	-3.71200	0.71170	0.98702	-0.07133	-0.14391	0.06404	0.99645	-0.05468	0.14730	0.04476	0.98808	
79	7.80000	28.13133	23.24351	794.62820	-2.70671	6.50458	-4.17617	0.39170	0.99092	-0.07808	-0.10942	0.07235	0.99584	-0.05534	0.11328	0.04692	0.99245		28.13133	23.24351	794.62820	-4.57056	8.57439	-4.67084	0.78405	0.98554	-0.09301	-0.14164	0.08052	0.99254	-0.09152	0.14909	0.07880	0.98568	
80	7.90000	19.24484	34.10171	823.92547	-4.56053	5.46885	-4.70446	0.36238	0.99209	-0.08931	-0.08816	0.08164	0.99285	-0.08704	0.09530	0.07915	0.99230		19.24484	34.10171	823.92547	-6.40030	7.55612	-5.23500	0.79659	0.98718	-0.10527	-0.11996	0.09045	0.98828	-0.12293	0.13150	0.11051	0.98514	
81	8.00000	7.50977	44.06091	855.41501	-6.18236	3.89868	-5.14180	0.45370	0.99367	-0.09639	-0.05767	0.08941	0.98953	-0.11332	0.06799	0.10744	0.99188		7.50977	44.06091	855.41501	-8.00015	6.00073	-5.72423	0.88693	0.98956	-0.11325	-0.08913	0.09919	0.98388	-0.14881	0.10454	0.13841	0.98484	
82	8.10000	-3.48501	51.23418	890.50858	-6.30729	2.83381	-5.72062	0.40102	0.99380	-0.10448	-0.03794	0.09956	0.98846	-0.11421	0.04944	0.10973	0.99273		-3.48501	51.23418	890.50858	-8.10048	4.95459	-6.33813	0.78729	0.99017	-0.12139	-0.06943	0.10998	0.98263	-0.14949	0.08637	0.14038	0.98632	
83	8.20000	-13.51264	54.14536	927.83920	-4.97048	2.11211	-5.52437	0.30716	0.99468	-0.09909	-0.02820	0.09620	0.99130	-0.08977	0.03685	0.08658	0.99556		-13.51264	54.14536	927.83920	-6.76897	4.22693	-6.16400	0.65444	0.99151	-0.11526	-0.06011	0.10708	0.98636	-0.12504	0.07371	0.11755	0.99033	
84	8.30000	-23.80967	54.54653	967.04630	-3.70057	1.82762	-4.22073	0.63963	0.99678	-0.07550	-0.02699	0.07356	0.99506	-0.06671	0.03189	0.06451	0.99741		-23.80967	54.54653	967.04630	-5.54630	3.90164	-4.86792	0.67149	0.99408	-0.09101	-0.05928	0.08466	0.99117	-0.10205	0.06804	0.09643	0.99301	
85	8.40000	-36.06116	53.06255	1011.68521	-2.43173	0.96995	-3.08006	0.47427	0.99841	-0.05440	-0.01461	0.05372	0.99762	-0.04328	0.01693	0.04242	0.99896		-36.06116	53.06255	1011.68521	-4.31661	3.00697	-3.75384	0.55913	0.99648	-0.06922	-0.04727	0.06538	0.99477	-0.07853	0.05246	0.07516	0.99579	
86	8.50000	-50.78028	47.59642	1061.71295	-0.84710	-0.71637	-2.45446	0.28357	0.99900	-0.04264	0.01312	0.04282	0.99898	-0.01424	-0.01250	0.01478	0.99981		-50.78028	47.59642	1061.71295	-2.75187	1.30053	-3.18368	0.58093	0.99820	-0.05656	-0.01997	0.05552	0.99724	-0.04920	0.02270	0.04800	0.99859	
87	8.60000	-66.19369	39.07434	1116.53081	0.73447	-1.76839	-1.36671	0.32504	0.99924	-0.02424	0.03054	0.02384	0.99962	0.01355	-0.03086	-0.01281	0.99944		-66.19369	39.07434	1116.53081	-1.20751	0.21263	-2.13186	0.66825	0.99930	-0.03727	-0.00292	0.03720	0.99908	-0.02120	0.00371	0.02107	0.99977	
88	8.70000	-80.30433	31.37084	1176.82012	1.63565	-1.29458	-0.06335	0.45878	0.99974	-0.00175	0.02255	0.00111	0.99959	0.02857	-0.02259	-0.02854	0.99934		-80.30433	31.37084	1176.82012	-0.35111	0.64169	-0.81361	0.57129	0.99984	-0.01427	-0.01111	0.01420	0.99988	-0.00629	0.01120	0.00613	0.99992	
89	8.80000	-93.79718	25.60666	1239.51168	2.02543	-1.56971	0.30204	0.35541	0.99961	0.00430	0.02756	-0.00527	0.99937	0.03520	-0.02739	-0.03533	0.99900		-93.79718	25.60666	1239.51168	0.02650	0.35411	-0.45811	0.59097	0.99995	-0.00799	-0.00618	0.00800	0.99997	0.00041	0.00618	-0.00046	0.99998	
90	8.90000	-105.36557	22.54985	1299.20145	1.74082	-2.45809	-0.27646	0.56629	0.99907	-0.00613	0.04272	0.00482	0.99952	0.03058	-0.04289	-0.03035	0.99862		-105.36557	22.54985	1299.20145	-0.23869	-0.51380	-1.06672	0.50939	0.99979	-0.01858	0.00904	0.01862	0.99982	-0.00400	-0.00897	0.00417	0.99995	
91	9.00000	-112.45392	20.93204	1353.87259	1.28038	-1.64054	-1.00228	0.66676	0.99944	-0.01813	0.02823	0.01749	0.99959	0.02284	-0.02863	-0.02234	0.99934		-112.45392	20.93204	1353.87259	-0.67429	0.32809	-1.76353	0.43669	0.99951	-0.03084	-0.00536	0.03077	0.99946	-0.01194	0.00573	0.01177	0.99991	
92	9.10000	-115.12234	19.96647	1400.66687	1.47497	-0.70328	-0.34848	0.85652	0.99991	-0.00640	0.01211	0.00608	0.99965	0.02581	-0.01227	-0.02574	0.99959		-115.12234	19.96647	1400.66687	-0.50247	1.24240	-1.07803	0.40928	0.99959	-0.01900	-0.02151	0.01881	0.99978	-0.00918	0.02168	0.00877	0.99973	
93	9.20000	-112.17751	19.99734	1440.03096	2.18073	1.56818	1.23418	1.00802	0.99939	0.02256	-0.02652	-0.02153	0.99902	0.03863	0.02737	-0.03804	0.99890		-112.17751	19.99734	1440.03096	0.14675	3.45731	0.58420	0.59459	0.99813	0.01035	-0.06028	-0.01018	0.99994	0.00318	0.06030	-0.00256	0.99818	
94	9.30000	-105.49016	20.32623	1474.67500	2.89677	3.49434	2.64319	0.84133	0.99708	0.04913	-0.05848	-0.04603	0.99752	0.05329	0.06095	-0.05044	0.99687		-105.49016	20.32623	1474.67500	0.81178	5.33161	2.06460	0.74488	0.99503	0.03734	-0.09234	-0.03587	0.99920	0.01751	0.09292	-0.01411	0.99557	
95	9.40000	-100.97054	20.04057	1504.99396	2.87431	3.19940	2.90428	0.84079	0.99716	0.05340	-0.05313	-0.05059	0.99732	0.05290	0.05581	-0.05007	0.99719		-100.97054	20.04057	1504.99396	0.78195	5.02749	2.31534	0.61716	0.99534	0.04159	-0.08700	-0.04024	0.99904	0.01718	0.08763	-0.01359	0.99606	
96	9.50000	-99.62270	20.84706	1536.34328	2.70963	2.59484	1.91252	1.02864	0.99842	0.03548	-0.04362	-0.03334	0.99825	0.04876	0.04527	-0.04723	0.99786		-99.62270	20.84706	1536.34328	0.65104	4.45911	1.30017	0.63845	0.99672	0.02357	-0.07746	-0.02262	0.99966	0.01312	0.07775	-0.01133	0.99691	
97	9.60000	-98.60171	20.23016	1572.90738	3.63695	1.77869	1.71908	1.21910	0.99907	0.03191	-0.02906	-0.02998	0.99748	0.06433	0.03104	-0.06340	0.99751		-98.60171	20.23016	1572.90738	1.58635	3.65090	1.07667	0.87972	0.99779	0.02055	-0.06312	-0.01875	0.99941	0.02887	0.06368	-0.02763	0.99759	
98	9.70000	-96.24686	15.70888	1612.17234	5.23448	1.13573	2.13417	0.55572	0.99911	0.03889	-0.01633	-0.03723	0.99507	0.09190	0.01982	-0.09121	0.99563		-96.24686	15.70888	1612.17234	3.17189	2.99306	1.46919	0.45849	0.99831	0.02849	-0.05070	-0.02560	0.99807	0.05665	0.05222	-0.05526	0.99711	
99	9.80000	-95.09160	10.62606	1651.24814	6.32627	0.20527	2.62370	0.45006	0.99895	0.04589	0.00149	-0.04578	0.99285	0.11024	0.00358	-0.11019	0.99390		-95.09160	10.62606	1651.24814	4.24962	2.04548	1.92541	0.54677	0.99880	0.03615	-0.03308	-0.03358	0.99660	0.07526	0.03569	-0.07405	0.99662	
100	9.90000	-95.43070	9.06583	1684.63562	5.77096	-0.12670	3.10008	0.37931	0.99853	0.05358	0.00763	-0.05408	0.99349	0.10029	-0.00221	-0.10055	0.99493		-95.43070	9.06583	1684.63562	3.67947	1.69625	2.38971	0.43309	0.99869	0.04351	-0.02684	-0.04168	0.99699	0.06535	0.02960	-0.06415	0.99750	
101	10.00000	-94.70080	8.23658	1707.72269	4.66666	-0.42227	2.75058	0.56680	0.99882	0.04723	0.01124	-0.04799	0.99557	0.08091	-0.00737	-0.08136	0.99666		-94.70080	8.23658	1707.72269	2.58655	1.41361	2.02952	0.26923	0.99907	0.03649	-0.02303	-0.03540	0.99832	0.04597	0.02467	-0.04511	0.99868	
102	10.10000	-88.97178	7.18010	1721.46071	3.01459	-1.62412	1.67801	0.56934	0.99917	0.02775	0.02983	-0.02927	0.99823	0.05174	-0.02834	-0.05257	0.99822		-88.97178	7.18010	1721.46071	0.96995	0.25096	0.91456	0.76375	0.99986	0.01603	-0.00411	-0.01596	0.99973	0.01700	0.00438	-0.01693	0.99985	
103	10.20000	-73.94807	3.44516	1732.26335	2.01478	-1.90739	0.77249	0.75255	0.99936	0.01230	0.03373	-0.01347	0.99931	0.03471	-0.03328	-0.03514	0.99883		-73.94807	3.44516	1732.26335	0.00000	-0.00000	-0.00000	0.00000	1.00000	0.00000	-0.00000	0.00000	1.00000	-0.00000	-0.00000	-0.00000	1.00000	
104	10.30000	-52.11837	-2.16478	1745.70442	1.76513	-2.08243	0.44675	0.68458	0.99931	0.00667	0.03656	-0.00779	0.99950	0.03052	-0.03634	-0.03078	0.99887		-52.11837	-2.16478	1745.70442	-0.23867	-0.16351	-0.33140	0.12073	0.99998	-0.00577	0.00288	0.00578	0.99997	-0.00415	-0.00285	0.00417	0.99999	
105	10.40000	-24.78133	-8.32613	1761.70598	2.54810	-1.37776	1.24885	0.90475	0.99947	0.02070	0.02498	-0.02179	0.99880	0.04392	-0.02404	-0.04445	0.99872		-24.78133	-8.32613	1761.70598	0.51775	0.51262	0.49473	0.22840	0.99992	0.00872	-0.00887	-0.00863	0.99992	0.00911	0.00895	-0.00904	0.99992	
106	10.50000	3.96859	-13.11781	1772.20131	3.26515	-1.38413	2.15696	0.75378	0.99900	0.03620	0.02624	-0.03763	0.99772	0.05601	-0.02416	-0.05694	0.99809		3.96859	-13.11781	1772.20131	1.20536	0.47378	1.40198	0.38524	0.99967	0.02464	-0.00775	-0.02447	0.99948	0.02123	0.00827	-0.02104	0.99974	
107	10.60000	35.72560	-14.98001	1774.91806	3.89312	-1.57591	2.42478	0.68842	0.99873	0.04034	0.03029	-0.04229	0.99688	0.06667	-0.02750	-0.06787	0.99732		35.72560	-14.98001	1774.91806	1.82490	0.27237	1.66281	0.68089	0.99957	0.02915	-0.00383	-0.02902	0.99907	0.03197	0.00475	-0.03184	0.99948	
108	10.70000	72.16501	-14.34496	1775.71448	4.15275	-1.64356	2.13664	0.65128	0.99889	0.03511	0.03129	-0.03727	0.99676	0.07130	-0.02868	-0.07239	0.99696		72.16501	-14.34496	1775.71448	2.09399	0.21512	1.37262	0.83848	0.99971	0.02408	-0.00288	-0.02395	0.99904	0.03662	0.00375	-0.03654	0.99933	
109	10.80000	112.28413	-10.14391	1777.00978	4.12680	-1.32477	1.60243	0.72483	0.99934	0.02623	0.02506	-0.02796	0.99706	0.07129	-0.02312	-0.07194	0.99714		112.28413	-10.14391	1777.00978	2.08552	0.55259	0.85055	0.98900	0.99984	0.01519	-0.00910	-0.01484	0.99922	0.03653	0.00964	-0.03639	0.99929	
110	10.90000	153.99822	-4.07741	1780.35280	3.98449	-1.55840	1.22199	0.65628	0.99940	0.01939	0.02861	-0.02132	0.99740	0.06889	-0.02720	-0.06946	0.99721		153.99822	-4.07741	1780.35280	1.95560	0.33256	0.46202	0.85440	0.99995	0.00826	-0.00553	-0.00806	0.99938	0.03417	0.00580	-0.03412	0.99940	
111	11.00000	197.13148	0.79711	1786.71049	4.17769	-0.70646	0.84621	0.53698	0.99981	0.01383	0.01337	-0.01477	0.99725	0.07266	-0.01233	-0.07284	0.99727		197.13148	0.79711	1786.71049	2.16044	1.19744	0.11625	0.55535	0.99978	0.00282	-0.02081	-0.00203	0.99929	0.03774	0.02090	-0.03769	0.99907	
112	11.10000	239.26586	3.08459	1791.42304	4.61270	0.08394	0.67013	0.62579	0.99993	0.01178	-0.00052	-0.01170	0.99669	0.08043	0.00147	-0.08042	0.99676		239.26586	3.08459	1791.42304	2.60005	1.99382	-0.03244	0.51107	0.99939	0.00101	-0.03478	0.00057	0.99897	0.04534	0.03479	-0.04534	0.99837	
113	11.20000	279.80893	2.97698	1792.64129	5.08248	0.08172	0.97389	0.80091	0.99985	0.01706	0.00009	-0.01700	0.99592	0.08860	0.00143	-0.08859	0.99607		279.80893	2.97698	1792.64129	3.05927	1.98117	0.27080	0.68345	0.99939	0.00656	-0.03427	-0.00472	0.99856	0.05353	0.03457	-0.05334	0.99798	
114	11.30000	322.11192	1.74632	1791.51087	4.81578	0.71015	0.80723	0.76329	0.99982	0.01508	-0.01117	-0.01409	0.99636	0.08412	0.01239	-0.08395	0.99639		322.11192	1.74632	1791.51087	2.79712	2.61510	0.12622	0.64808	0.99896	0.00443	-0.04546	-0.00220	0.99880	0.04890	0.04563	-0.04875	0.99777	
115	11.40000	367.26878	-0.34729	1789.25137	4.11834	1.55002	0.03081	0.74758	0.99963	0.00248	-0.02694	-0.00054	0.99742	0.07183	0.02705	-0.07179	0.99705		367.26878	-0.34729	1789.25137	2.12414	3.48165	-0.62122	0.64782	0.99810	-0.00858	-0.06109	0.01082	0.99928	0.03640	0.06073	-0.03700	0.99747	
116	11.50000	415.09197	-2.64403	1788.90745	3.16984	2.16284	-0.74304	0.50564	0.99920	-0.01086	-0.03840	0.01296	0.99841	0.05480	0.03774	-0.05526	0.99776		415.09197	-2.64403	1788.90745	1.20161	4.12035	-1.37375	0.61101	0.99713	-0.02246	-0.07232	0.02391	0.99953	0.01924	0.07185	-0.02092	0.99720	
117	11.60000	465.58569	-6.22443	1791.59252	2.21415	3.04089	-1.41367	0.29616	0.99829	-0.02260	-0.05395	0.02464	0.99900	0.03732	0.05305	-0.03858	0.99785		465.58569	-6.22443	1791.59252	0.26648	5.02082	-2.01547	0.88146	0.99555	-0.03476	-0.08763	0.03503	0.99938	0.00157	0.08752	-0.00463	0.99615	
118	11.70000	516.80458	-10.44784	1796.54006	1.48578	3.16506	-2.05286	0.35689	0.99783	-0.03438	-0.05609	0.03577	0.99907	0.02394	0.05521	-0.02589	0.99814		516.80458	-10.44784	1796.54006	-0.44063	5.16639	-2.65204	0.89322	0.99487	-0.04696	-0.08959	0.04608	0.99887	-0.01185	0.09005	0.00766	0.99591	
119	11.80000	566.93681	-12.86493	1800.42110	0.59650	3.18647	-2.78462	0.45790	0.99727	-0.04800	-0.05602	0.04851	0.99879	0.00770	0.05559	-0.01039	0.99840		566.93681	-12.86493	1800.42110	-1.30422	5.21234	-3.38466	0.93486	0.99413	-0.06109	-0.08932	0.05879	0.99787	-0.02808	0.09085	0.02267	0.99561	
120	11.90000	616.79889	-13.09694	1802.37467	-0.28259	3.82194	-3.44581	0.49785	0.99597	-0.06043	-0.06624	0.05997	0.99816	-0.00893	0.06666	0.00492	0.99776		616.79889	-13.09694	1802.37467	-2.16176	5.86924	-4.02629	0.96582	0.99230	-0.07401	-0.09928	0.06985	0.99655	-0.04480	0.10226	0.03752	0.99405	
121	12.00000	666.97312	-13.44891	1801.47394	-0.62572	4.32409	-2.86418	0.42804	0.99591	-0.05079	-0.07475	0.04983	0.99865	-0.01467	0.07540	0.01089	0.99709		666.97312	-13.44891	1801.47394	-2.52735	6.35176	-3.42631	1.00247	0.99208	-0.06458	-0.10769	0.05940	0.99695	-0.05062	0.11063	0.04383	0.99289	
122	12.10000	717.17786	-14.83498	1797.83794	-0.12214	4.08477	-1.69109	0.45707	0.99703	-0.02966	-0.07114	0.02944	0.99956	-0.00423	0.07123	0.00213	0.99746		717.17786	-14.83498	1797.83794	-2.06432	6.07348	-2.25836	0.95702	0.99361	-0.04319	-0.10423	0.03918	0.99842	-0.04016	0.10580	0.03582	0.99374	
123	12.20000	768.17551	-15.78203	1794.81624	0.69431	3.74080	-0.61169	0.35773	0.99781	-0.00988	-0.06536	0.01065	0.99988	0.01142	0.06524	-0.01209	0.99780		768.17551	-15.78203	1794.81624	-1.28347	5.69308	-1.18806	0.92941	0.99485	-0.02295	-0.09869	0.02063	0.99949	-0.02445	0.09920	0.02229	0.99482	
124	12.30000	819.67382	-14.04588	1795.46979	0.95315	3.75064	-0.33487	0.41947	0.99784	-0.00476	-0.06550	0.00583	0.99985	0.01625	0.06541	-0.01660	0.99772		819.67382	-14.04588	1795.46979	-1.03424	5.69323	-0.91032	0.96735	0.99494	-0.01768	-0.09889	0.01581	0.99968	-0.01962	0.09920	0.01796	0.99491	
125	12.40000	870.28528	-13.52099	1798.91397	0.89417	3.32164	-0.84569	0.40848	0.99821	-0.01385	-0.05816	0.01473	0.99978	0.01475	0.05794	-0.01558	0.99820		870.28528	-13.52099	1798.91397	-1.07434	5.28205	-1.43705	0.95378	0.99544	-0.02680	-0.09154	0.02497	0.99947	-0.02105	0.09206	0.01867	0.99558	
126	12.50000	921.00707	-15.55644	1802.60688	0.91142	2.84960	-1.16069	0.42093	0.99856	-0.01946	-0.05002	0.02023	0.99968	0.01490	0.04971	-0.01589	0.99864		921.00707	-15.55644	1802.60688	-1.04475	4.82111	-1.76884	0.96259	0.99599	-0.03239	-0.08343	0.03076	0.99931	-0.02082	0.08404	0.01817	0.99630	
127	12.60000	972.55439	-19.84934	1805.19269	0.83174	3.00244	-1.14421	0.43981	0.99843	-0.01921	-0.05265	0.01994	0.99971	0.01347	0.05238	-0.01450	0.99852		972.55439	-19.84934	1805.19269	-1.12551	4.97321	-1.74709	0.99723	0.99577	-0.03218	-0.08603	0.03037	0.99929	-0.02228	0.08669	0.01957	0.99604	
128	12.70000	1024.27909	-27.23645	1804.01056	0.76008	3.48635	-0.80433	0.49057	0.99805	-0.01323	-0.06099	0.01401	0.99982	0.01241	0.06081	-0.01324	0.99806		1024.27909	-27.23645	1804.01056	-1.21041	5.44540	-1.39001	0.97690	0.99519	-0.02626	-0.09434	0.02415	0.99943	-0.02342	0.09490	0.02103	0.99526	
129	12.80000	1074.69058	-36.58131	1800.76010	0.61467	3.30184	-0.00736	0.51438	0.99834	0.00049	-0.05759	0.00013	0.99994	0.01072	0.05760	-0.01071	0.99828		1074.69058	-36.58131	1800.76010	-1.38233	5.23349	-0.59788	0.98733	0.99578	-0.01263	-0.09093	0.01039	0.99963	-0.02507	0.09121	0.02402	0.99554	
130	12.90000	1122.73927	-46.52006	1798.39229	0.02654	2.72522	1.33134	0.52273	0.99860	0.02326	-0.04752	-0.02321	0.99973	0.00157	0.04755	-0.00046	0.99887		1122.73927	-46.52006	1798.39229	-2.01339	4.61014	0.72270	0.98918	0.99669	0.00978	-0.08076	-0.01257	0.99934	-0.03412	0.08038	0.03502	0.99615	
131	13.00000	1169.13319	-56.71835	1800.61878	-0.49444	1.97162	3.28572	0.53906	0.99777	0.05702	-0.03484	-0.05728	0.99834	-0.00664	0.03440	0.00862	0.99937		1169.13319	-56.71835	1800.61878	-2.59550	3.78651	2.65213	0.99324	0.99675	0.04324	-0.06800	-0.04617	0.99804	-0.04218	0.06604	0.04519	0.99679	
132	13.10000	1213.97805	-65.00390	1807.44368	-1.18105	1.40650	5.45680	0.54837	0.99517	0.09457	-0.02639	-0.09507	0.99530	-0.01818	0.02455	0.02061	0.99949		1213.97805	-65.00390	1807.44368	-3.34827	3.14090	4.80356	1.00051	0.99499	0.08041	-0.05940	-0.08361	0.99505	-0.05362	0.05479	0.05832	0.99679	
133	13.20000	1256.25149	-68.64708	1813.39643	-2.35719	0.73756	7.88746	0.47705	0.99046	0.13659	-0.01838	-0.13722	0.98977	-0.03898	0.01287	0.04113	0.99907		1256.25149	-68.64708	1813.39643	-4.59465	2.37909	7.20913	0.94037	0.99124	0.12179	-0.05110	-0.12538	0.98932	-0.07428	0.04151	0.08004	0.99593	
134	13.30000	1295.68072	-66.75988	1815.90063	-3.37567	-0.28334	9.98485	0.51119	0.98484	0.17337	-0.00535	-0.17339	0.98309	-0.05885	-0.00495	0.05888	0.99825		1295.68072	-66.75988	1815.90063	-5.67040	1.27593	9.26558	0.97583	0.98671	0.15805	-0.03778	-0.16097	0.98248	-0.09395	0.02227	0.09878	0.99486	
135	13.40000	1334.51714	-60.16977	1815.67595	-4.29623	-1.38453	12.29229	0.59864	0.97679	0.21407	0.00759	-0.21284	0.97394	-0.07833	-0.02416	0.07489	0.99690		1334.51714	-60.16977	1815.67595	-6.65158	0.08202	11.52620	0.94177	0.97983	0.19831	-0.02454	-0.19982	0.97327	-0.11321	0.00143	0.11583	0.99327	
136	13.50000	1374.04850	-49.92882	1813.01438	-4.57895	-2.44760	14.63530	0.56830	0.96667	0.25516	0.02102	-0.25243	0.96360	-0.08800	-0.04271	0.07976	0.99590		1374.04850	-49.92882	1813.01438	-6.99270	-1.07752	13.82172	0.96617	0.97087	0.23935	-0.01096	-0.23886	0.96327	-0.12268	-0.01881	0.12172	0.99239	
137	13.60000	1415.39666	-37.56592	1810.19339	-4.34840	-3.28381	16.92065	0.55113	0.95514	0.29436	0.03258	-0.29057	0.95269	-0.08916	-0.05728	0.07570	0.99548		1415.39666	-37.56592	1810.19339	-6.81578	-2.01053	16.06752	0.89316	0.96034	0.27881	0.00063	-0.27660	0.95299	-0.12368	-0.03508	0.11860	0.99232	
138	13.70000	1456.59333	-22.63789	1809.68665	-4.31523	-3.95377	18.53305	0.38902	0.94588	0.32187	0.04127	-0.31710	0.94380	-0.09320	-0.06895	0.07506	0.99479		1456.59333	-22.63789	1809.68665	-6.81895	-2.74955	17.64736	0.86632	0.95184	0.30644	0.00939	-0.30281	0.94447	-0.12758	-0.04797	0.11860	0.99178	
